(kicad_pcb (version 20171130) (host pcbnew "(5.1.5)-3")

  (general
    (thickness 1.6)
    (drawings 24)
    (tracks 41)
    (zones 0)
    (modules 12)
    (nets 19)
  )

  (page A4)
  (title_block
    (title "CAN Termination")
    (date 2021-05-13)
    (rev 0)
    (company "Falk Kyburz")
    (comment 1 https://github.com/falkkyburz)
  )

  (layers
    (0 F.Cu signal)
    (31 B.Cu signal)
    (32 B.Adhes user)
    (33 F.Adhes user)
    (34 B.Paste user)
    (35 F.Paste user)
    (36 B.SilkS user)
    (37 F.SilkS user)
    (38 B.Mask user)
    (39 F.Mask user)
    (40 Dwgs.User user)
    (41 Cmts.User user)
    (42 Eco1.User user)
    (43 Eco2.User user)
    (44 Edge.Cuts user)
    (45 Margin user)
    (46 B.CrtYd user)
    (47 F.CrtYd user)
    (48 B.Fab user)
    (49 F.Fab user)
  )

  (setup
    (last_trace_width 0.5)
    (trace_clearance 0.2)
    (zone_clearance 0.508)
    (zone_45_only no)
    (trace_min 0.2)
    (via_size 0.8)
    (via_drill 0.4)
    (via_min_size 0.4)
    (via_min_drill 0.3)
    (uvia_size 0.3)
    (uvia_drill 0.1)
    (uvias_allowed no)
    (uvia_min_size 0.2)
    (uvia_min_drill 0.1)
    (edge_width 0.05)
    (segment_width 0.2)
    (pcb_text_width 0.3)
    (pcb_text_size 1.5 1.5)
    (mod_edge_width 0.12)
    (mod_text_size 1 1)
    (mod_text_width 0.15)
    (pad_size 1.524 1.524)
    (pad_drill 0.762)
    (pad_to_mask_clearance 0.051)
    (solder_mask_min_width 0.25)
    (aux_axis_origin 0 0)
    (visible_elements 7FFFFFFF)
    (pcbplotparams
      (layerselection 0x010fc_ffffffff)
      (usegerberextensions false)
      (usegerberattributes false)
      (usegerberadvancedattributes false)
      (creategerberjobfile true)
      (excludeedgelayer true)
      (linewidth 0.100000)
      (plotframeref false)
      (viasonmask false)
      (mode 1)
      (useauxorigin false)
      (hpglpennumber 1)
      (hpglpenspeed 20)
      (hpglpendiameter 15.000000)
      (psnegative false)
      (psa4output false)
      (plotreference true)
      (plotvalue true)
      (plotinvisibletext false)
      (padsonsilk false)
      (subtractmaskfromsilk false)
      (outputformat 1)
      (mirror false)
      (drillshape 0)
      (scaleselection 1)
      (outputdirectory "output/"))
  )

  (net 0 "")
  (net 1 /5V_1)
  (net 2 /NC_0)
  (net 3 /CAN_H)
  (net 4 /GND_0)
  (net 5 /NC2)
  (net 6 /NC_1)
  (net 7 /GND_1)
  (net 8 /CAN_L)
  (net 9 /5V_0)
  (net 10 "Net-(J2-Pad9)")
  (net 11 "Net-(J2-Pad8)")
  (net 12 "Net-(J2-Pad7)")
  (net 13 "Net-(J2-Pad6)")
  (net 14 "Net-(J2-Pad5)")
  (net 15 "Net-(J2-Pad4)")
  (net 16 "Net-(J2-Pad3)")
  (net 17 "Net-(J2-Pad2)")
  (net 18 "Net-(J2-Pad1)")

  (net_class Default "This is the default net class."
    (clearance 0.2)
    (trace_width 0.5)
    (via_dia 0.8)
    (via_drill 0.4)
    (uvia_dia 0.3)
    (uvia_drill 0.1)
    (add_net /5V_0)
    (add_net /5V_1)
    (add_net /CAN_H)
    (add_net /CAN_L)
    (add_net /GND_0)
    (add_net /GND_1)
    (add_net /NC2)
    (add_net /NC_0)
    (add_net /NC_1)
    (add_net "Net-(J2-Pad1)")
    (add_net "Net-(J2-Pad2)")
    (add_net "Net-(J2-Pad3)")
    (add_net "Net-(J2-Pad4)")
    (add_net "Net-(J2-Pad5)")
    (add_net "Net-(J2-Pad6)")
    (add_net "Net-(J2-Pad7)")
    (add_net "Net-(J2-Pad8)")
    (add_net "Net-(J2-Pad9)")
  )

  (module Resistor_SMD:R_1206_3216Metric_Pad1.42x1.75mm_HandSolder (layer F.Cu) (tedit 5B301BBD) (tstamp 60980C56)
    (at 171.2875 103.6 180)
    (descr "Resistor SMD 1206 (3216 Metric), square (rectangular) end terminal, IPC_7351 nominal with elongated pad for handsoldering. (Body size source: http://www.tortai-tech.com/upload/download/2011102023233369053.pdf), generated with kicad-footprint-generator")
    (tags "resistor handsolder")
    (path /60985A47)
    (attr smd)
    (fp_text reference R10 (at 0 -1.82) (layer F.SilkS) hide
      (effects (font (size 1 1) (thickness 0.15)))
    )
    (fp_text value 0 (at 0 1.82) (layer F.Fab)
      (effects (font (size 1 1) (thickness 0.15)))
    )
    (fp_text user %R (at -0.15 -0.055) (layer F.Fab)
      (effects (font (size 0.8 0.8) (thickness 0.12)))
    )
    (fp_line (start 2.45 1.12) (end -2.45 1.12) (layer F.CrtYd) (width 0.05))
    (fp_line (start 2.45 -1.12) (end 2.45 1.12) (layer F.CrtYd) (width 0.05))
    (fp_line (start -2.45 -1.12) (end 2.45 -1.12) (layer F.CrtYd) (width 0.05))
    (fp_line (start -2.45 1.12) (end -2.45 -1.12) (layer F.CrtYd) (width 0.05))
    (fp_line (start -0.602064 0.91) (end 0.602064 0.91) (layer F.SilkS) (width 0.12))
    (fp_line (start -0.602064 -0.91) (end 0.602064 -0.91) (layer F.SilkS) (width 0.12))
    (fp_line (start 1.6 0.8) (end -1.6 0.8) (layer F.Fab) (width 0.1))
    (fp_line (start 1.6 -0.8) (end 1.6 0.8) (layer F.Fab) (width 0.1))
    (fp_line (start -1.6 -0.8) (end 1.6 -0.8) (layer F.Fab) (width 0.1))
    (fp_line (start -1.6 0.8) (end -1.6 -0.8) (layer F.Fab) (width 0.1))
    (pad 2 smd roundrect (at 1.4875 0 180) (size 1.425 1.75) (layers F.Cu F.Paste F.Mask) (roundrect_rratio 0.175439)
      (net 5 /NC2))
    (pad 1 smd roundrect (at -1.4875 0 180) (size 1.425 1.75) (layers F.Cu F.Paste F.Mask) (roundrect_rratio 0.175439)
      (net 14 "Net-(J2-Pad5)"))
    (model ${KISYS3DMOD}/Resistor_SMD.3dshapes/R_1206_3216Metric.wrl
      (at (xyz 0 0 0))
      (scale (xyz 1 1 1))
      (rotate (xyz 0 0 0))
    )
  )

  (module Resistor_SMD:R_1206_3216Metric_Pad1.42x1.75mm_HandSolder (layer B.Cu) (tedit 5B301BBD) (tstamp 60980C45)
    (at 171.2875 102.2 180)
    (descr "Resistor SMD 1206 (3216 Metric), square (rectangular) end terminal, IPC_7351 nominal with elongated pad for handsoldering. (Body size source: http://www.tortai-tech.com/upload/download/2011102023233369053.pdf), generated with kicad-footprint-generator")
    (tags "resistor handsolder")
    (path /609858BE)
    (attr smd)
    (fp_text reference R9 (at 0 1.82) (layer B.SilkS) hide
      (effects (font (size 1 1) (thickness 0.15)) (justify mirror))
    )
    (fp_text value 0 (at 0 -1.82) (layer B.Fab)
      (effects (font (size 1 1) (thickness 0.15)) (justify mirror))
    )
    (fp_text user %R (at 0 0) (layer B.Fab)
      (effects (font (size 0.8 0.8) (thickness 0.12)) (justify mirror))
    )
    (fp_line (start 2.45 -1.12) (end -2.45 -1.12) (layer B.CrtYd) (width 0.05))
    (fp_line (start 2.45 1.12) (end 2.45 -1.12) (layer B.CrtYd) (width 0.05))
    (fp_line (start -2.45 1.12) (end 2.45 1.12) (layer B.CrtYd) (width 0.05))
    (fp_line (start -2.45 -1.12) (end -2.45 1.12) (layer B.CrtYd) (width 0.05))
    (fp_line (start -0.602064 -0.91) (end 0.602064 -0.91) (layer B.SilkS) (width 0.12))
    (fp_line (start -0.602064 0.91) (end 0.602064 0.91) (layer B.SilkS) (width 0.12))
    (fp_line (start 1.6 -0.8) (end -1.6 -0.8) (layer B.Fab) (width 0.1))
    (fp_line (start 1.6 0.8) (end 1.6 -0.8) (layer B.Fab) (width 0.1))
    (fp_line (start -1.6 0.8) (end 1.6 0.8) (layer B.Fab) (width 0.1))
    (fp_line (start -1.6 -0.8) (end -1.6 0.8) (layer B.Fab) (width 0.1))
    (pad 2 smd roundrect (at 1.4875 0 180) (size 1.425 1.75) (layers B.Cu B.Paste B.Mask) (roundrect_rratio 0.175439)
      (net 1 /5V_1))
    (pad 1 smd roundrect (at -1.4875 0 180) (size 1.425 1.75) (layers B.Cu B.Paste B.Mask) (roundrect_rratio 0.175439)
      (net 10 "Net-(J2-Pad9)"))
    (model ${KISYS3DMOD}/Resistor_SMD.3dshapes/R_1206_3216Metric.wrl
      (at (xyz 0 0 0))
      (scale (xyz 1 1 1))
      (rotate (xyz 0 0 0))
    )
  )

  (module Resistor_SMD:R_1206_3216Metric_Pad1.42x1.75mm_HandSolder (layer F.Cu) (tedit 5B301BBD) (tstamp 60980C34)
    (at 171.3125 100.8 180)
    (descr "Resistor SMD 1206 (3216 Metric), square (rectangular) end terminal, IPC_7351 nominal with elongated pad for handsoldering. (Body size source: http://www.tortai-tech.com/upload/download/2011102023233369053.pdf), generated with kicad-footprint-generator")
    (tags "resistor handsolder")
    (path /6098576E)
    (attr smd)
    (fp_text reference R8 (at 0 -1.82) (layer F.SilkS) hide
      (effects (font (size 1 1) (thickness 0.15)))
    )
    (fp_text value 0 (at 0 1.82) (layer F.Fab)
      (effects (font (size 1 1) (thickness 0.15)))
    )
    (fp_text user %R (at 0 0) (layer F.Fab)
      (effects (font (size 0.8 0.8) (thickness 0.12)))
    )
    (fp_line (start 2.45 1.12) (end -2.45 1.12) (layer F.CrtYd) (width 0.05))
    (fp_line (start 2.45 -1.12) (end 2.45 1.12) (layer F.CrtYd) (width 0.05))
    (fp_line (start -2.45 -1.12) (end 2.45 -1.12) (layer F.CrtYd) (width 0.05))
    (fp_line (start -2.45 1.12) (end -2.45 -1.12) (layer F.CrtYd) (width 0.05))
    (fp_line (start -0.602064 0.91) (end 0.602064 0.91) (layer F.SilkS) (width 0.12))
    (fp_line (start -0.602064 -0.91) (end 0.602064 -0.91) (layer F.SilkS) (width 0.12))
    (fp_line (start 1.6 0.8) (end -1.6 0.8) (layer F.Fab) (width 0.1))
    (fp_line (start 1.6 -0.8) (end 1.6 0.8) (layer F.Fab) (width 0.1))
    (fp_line (start -1.6 -0.8) (end 1.6 -0.8) (layer F.Fab) (width 0.1))
    (fp_line (start -1.6 0.8) (end -1.6 -0.8) (layer F.Fab) (width 0.1))
    (pad 2 smd roundrect (at 1.4875 0 180) (size 1.425 1.75) (layers F.Cu F.Paste F.Mask) (roundrect_rratio 0.175439)
      (net 6 /NC_1))
    (pad 1 smd roundrect (at -1.4875 0 180) (size 1.425 1.75) (layers F.Cu F.Paste F.Mask) (roundrect_rratio 0.175439)
      (net 15 "Net-(J2-Pad4)"))
    (model ${KISYS3DMOD}/Resistor_SMD.3dshapes/R_1206_3216Metric.wrl
      (at (xyz 0 0 0))
      (scale (xyz 1 1 1))
      (rotate (xyz 0 0 0))
    )
  )

  (module Resistor_SMD:R_1206_3216Metric_Pad1.42x1.75mm_HandSolder locked (layer B.Cu) (tedit 5B301BBD) (tstamp 60980C23)
    (at 171.3125 99.4 180)
    (descr "Resistor SMD 1206 (3216 Metric), square (rectangular) end terminal, IPC_7351 nominal with elongated pad for handsoldering. (Body size source: http://www.tortai-tech.com/upload/download/2011102023233369053.pdf), generated with kicad-footprint-generator")
    (tags "resistor handsolder")
    (path /60985635)
    (attr smd)
    (fp_text reference R7 (at 0 1.82) (layer B.SilkS) hide
      (effects (font (size 1 1) (thickness 0.15)) (justify mirror))
    )
    (fp_text value 0 (at 0 -1.82) (layer B.Fab)
      (effects (font (size 1 1) (thickness 0.15)) (justify mirror))
    )
    (fp_text user %R (at 0 0) (layer B.Fab)
      (effects (font (size 0.8 0.8) (thickness 0.12)) (justify mirror))
    )
    (fp_line (start 2.45 -1.12) (end -2.45 -1.12) (layer B.CrtYd) (width 0.05))
    (fp_line (start 2.45 1.12) (end 2.45 -1.12) (layer B.CrtYd) (width 0.05))
    (fp_line (start -2.45 1.12) (end 2.45 1.12) (layer B.CrtYd) (width 0.05))
    (fp_line (start -2.45 -1.12) (end -2.45 1.12) (layer B.CrtYd) (width 0.05))
    (fp_line (start -0.602064 -0.91) (end 0.602064 -0.91) (layer B.SilkS) (width 0.12))
    (fp_line (start -0.602064 0.91) (end 0.602064 0.91) (layer B.SilkS) (width 0.12))
    (fp_line (start 1.6 -0.8) (end -1.6 -0.8) (layer B.Fab) (width 0.1))
    (fp_line (start 1.6 0.8) (end 1.6 -0.8) (layer B.Fab) (width 0.1))
    (fp_line (start -1.6 0.8) (end 1.6 0.8) (layer B.Fab) (width 0.1))
    (fp_line (start -1.6 -0.8) (end -1.6 0.8) (layer B.Fab) (width 0.1))
    (pad 2 smd roundrect (at 1.4875 0 180) (size 1.425 1.75) (layers B.Cu B.Paste B.Mask) (roundrect_rratio 0.175439)
      (net 2 /NC_0))
    (pad 1 smd roundrect (at -1.4875 0 180) (size 1.425 1.75) (layers B.Cu B.Paste B.Mask) (roundrect_rratio 0.175439)
      (net 11 "Net-(J2-Pad8)"))
    (model ${KISYS3DMOD}/Resistor_SMD.3dshapes/R_1206_3216Metric.wrl
      (at (xyz 0 0 0))
      (scale (xyz 1 1 1))
      (rotate (xyz 0 0 0))
    )
  )

  (module Resistor_SMD:R_1206_3216Metric_Pad1.42x1.75mm_HandSolder (layer F.Cu) (tedit 5B301BBD) (tstamp 60980C12)
    (at 171.3125 98 180)
    (descr "Resistor SMD 1206 (3216 Metric), square (rectangular) end terminal, IPC_7351 nominal with elongated pad for handsoldering. (Body size source: http://www.tortai-tech.com/upload/download/2011102023233369053.pdf), generated with kicad-footprint-generator")
    (tags "resistor handsolder")
    (path /60985505)
    (attr smd)
    (fp_text reference R6 (at 0 -1.82) (layer F.SilkS) hide
      (effects (font (size 1 1) (thickness 0.15)))
    )
    (fp_text value 0 (at 0 1.82) (layer F.Fab)
      (effects (font (size 1 1) (thickness 0.15)))
    )
    (fp_text user %R (at 0 0) (layer F.Fab)
      (effects (font (size 0.8 0.8) (thickness 0.12)))
    )
    (fp_line (start 2.45 1.12) (end -2.45 1.12) (layer F.CrtYd) (width 0.05))
    (fp_line (start 2.45 -1.12) (end 2.45 1.12) (layer F.CrtYd) (width 0.05))
    (fp_line (start -2.45 -1.12) (end 2.45 -1.12) (layer F.CrtYd) (width 0.05))
    (fp_line (start -2.45 1.12) (end -2.45 -1.12) (layer F.CrtYd) (width 0.05))
    (fp_line (start -0.602064 0.91) (end 0.602064 0.91) (layer F.SilkS) (width 0.12))
    (fp_line (start -0.602064 -0.91) (end 0.602064 -0.91) (layer F.SilkS) (width 0.12))
    (fp_line (start 1.6 0.8) (end -1.6 0.8) (layer F.Fab) (width 0.1))
    (fp_line (start 1.6 -0.8) (end 1.6 0.8) (layer F.Fab) (width 0.1))
    (fp_line (start -1.6 -0.8) (end 1.6 -0.8) (layer F.Fab) (width 0.1))
    (fp_line (start -1.6 0.8) (end -1.6 -0.8) (layer F.Fab) (width 0.1))
    (pad 2 smd roundrect (at 1.4875 0 180) (size 1.425 1.75) (layers F.Cu F.Paste F.Mask) (roundrect_rratio 0.175439)
      (net 7 /GND_1))
    (pad 1 smd roundrect (at -1.4875 0 180) (size 1.425 1.75) (layers F.Cu F.Paste F.Mask) (roundrect_rratio 0.175439)
      (net 16 "Net-(J2-Pad3)"))
    (model ${KISYS3DMOD}/Resistor_SMD.3dshapes/R_1206_3216Metric.wrl
      (at (xyz 0 0 0))
      (scale (xyz 1 1 1))
      (rotate (xyz 0 0 0))
    )
  )

  (module Resistor_SMD:R_1206_3216Metric_Pad1.42x1.75mm_HandSolder (layer B.Cu) (tedit 5B301BBD) (tstamp 60980C01)
    (at 171.2875 96.6 180)
    (descr "Resistor SMD 1206 (3216 Metric), square (rectangular) end terminal, IPC_7351 nominal with elongated pad for handsoldering. (Body size source: http://www.tortai-tech.com/upload/download/2011102023233369053.pdf), generated with kicad-footprint-generator")
    (tags "resistor handsolder")
    (path /6098537D)
    (attr smd)
    (fp_text reference R5 (at 0 1.82) (layer B.SilkS) hide
      (effects (font (size 1 1) (thickness 0.15)) (justify mirror))
    )
    (fp_text value 0 (at 0 -1.82) (layer B.Fab)
      (effects (font (size 1 1) (thickness 0.15)) (justify mirror))
    )
    (fp_text user %R (at 0 0) (layer B.Fab)
      (effects (font (size 0.8 0.8) (thickness 0.12)) (justify mirror))
    )
    (fp_line (start 2.45 -1.12) (end -2.45 -1.12) (layer B.CrtYd) (width 0.05))
    (fp_line (start 2.45 1.12) (end 2.45 -1.12) (layer B.CrtYd) (width 0.05))
    (fp_line (start -2.45 1.12) (end 2.45 1.12) (layer B.CrtYd) (width 0.05))
    (fp_line (start -2.45 -1.12) (end -2.45 1.12) (layer B.CrtYd) (width 0.05))
    (fp_line (start -0.602064 -0.91) (end 0.602064 -0.91) (layer B.SilkS) (width 0.12))
    (fp_line (start -0.602064 0.91) (end 0.602064 0.91) (layer B.SilkS) (width 0.12))
    (fp_line (start 1.6 -0.8) (end -1.6 -0.8) (layer B.Fab) (width 0.1))
    (fp_line (start 1.6 0.8) (end 1.6 -0.8) (layer B.Fab) (width 0.1))
    (fp_line (start -1.6 0.8) (end 1.6 0.8) (layer B.Fab) (width 0.1))
    (fp_line (start -1.6 -0.8) (end -1.6 0.8) (layer B.Fab) (width 0.1))
    (pad 2 smd roundrect (at 1.4875 0 180) (size 1.425 1.75) (layers B.Cu B.Paste B.Mask) (roundrect_rratio 0.175439)
      (net 3 /CAN_H))
    (pad 1 smd roundrect (at -1.4875 0 180) (size 1.425 1.75) (layers B.Cu B.Paste B.Mask) (roundrect_rratio 0.175439)
      (net 12 "Net-(J2-Pad7)"))
    (model ${KISYS3DMOD}/Resistor_SMD.3dshapes/R_1206_3216Metric.wrl
      (at (xyz 0 0 0))
      (scale (xyz 1 1 1))
      (rotate (xyz 0 0 0))
    )
  )

  (module Resistor_SMD:R_1206_3216Metric_Pad1.42x1.75mm_HandSolder (layer F.Cu) (tedit 5B301BBD) (tstamp 60980BF0)
    (at 171.2875 95.2 180)
    (descr "Resistor SMD 1206 (3216 Metric), square (rectangular) end terminal, IPC_7351 nominal with elongated pad for handsoldering. (Body size source: http://www.tortai-tech.com/upload/download/2011102023233369053.pdf), generated with kicad-footprint-generator")
    (tags "resistor handsolder")
    (path /609851A1)
    (attr smd)
    (fp_text reference R4 (at 0 -1.82) (layer F.SilkS) hide
      (effects (font (size 1 1) (thickness 0.15)))
    )
    (fp_text value 0 (at 0 1.82) (layer F.Fab)
      (effects (font (size 1 1) (thickness 0.15)))
    )
    (fp_text user %R (at 0 0) (layer F.Fab)
      (effects (font (size 0.8 0.8) (thickness 0.12)))
    )
    (fp_line (start 2.45 1.12) (end -2.45 1.12) (layer F.CrtYd) (width 0.05))
    (fp_line (start 2.45 -1.12) (end 2.45 1.12) (layer F.CrtYd) (width 0.05))
    (fp_line (start -2.45 -1.12) (end 2.45 -1.12) (layer F.CrtYd) (width 0.05))
    (fp_line (start -2.45 1.12) (end -2.45 -1.12) (layer F.CrtYd) (width 0.05))
    (fp_line (start -0.602064 0.91) (end 0.602064 0.91) (layer F.SilkS) (width 0.12))
    (fp_line (start -0.602064 -0.91) (end 0.602064 -0.91) (layer F.SilkS) (width 0.12))
    (fp_line (start 1.6 0.8) (end -1.6 0.8) (layer F.Fab) (width 0.1))
    (fp_line (start 1.6 -0.8) (end 1.6 0.8) (layer F.Fab) (width 0.1))
    (fp_line (start -1.6 -0.8) (end 1.6 -0.8) (layer F.Fab) (width 0.1))
    (fp_line (start -1.6 0.8) (end -1.6 -0.8) (layer F.Fab) (width 0.1))
    (pad 2 smd roundrect (at 1.4875 0 180) (size 1.425 1.75) (layers F.Cu F.Paste F.Mask) (roundrect_rratio 0.175439)
      (net 8 /CAN_L))
    (pad 1 smd roundrect (at -1.4875 0 180) (size 1.425 1.75) (layers F.Cu F.Paste F.Mask) (roundrect_rratio 0.175439)
      (net 17 "Net-(J2-Pad2)"))
    (model ${KISYS3DMOD}/Resistor_SMD.3dshapes/R_1206_3216Metric.wrl
      (at (xyz 0 0 0))
      (scale (xyz 1 1 1))
      (rotate (xyz 0 0 0))
    )
  )

  (module Resistor_SMD:R_1206_3216Metric_Pad1.42x1.75mm_HandSolder (layer B.Cu) (tedit 5B301BBD) (tstamp 60980BDF)
    (at 171.2875 93.8 180)
    (descr "Resistor SMD 1206 (3216 Metric), square (rectangular) end terminal, IPC_7351 nominal with elongated pad for handsoldering. (Body size source: http://www.tortai-tech.com/upload/download/2011102023233369053.pdf), generated with kicad-footprint-generator")
    (tags "resistor handsolder")
    (path /60985042)
    (attr smd)
    (fp_text reference R3 (at 0 1.82) (layer B.SilkS) hide
      (effects (font (size 1 1) (thickness 0.15)) (justify mirror))
    )
    (fp_text value 0 (at 0 -1.82) (layer B.Fab)
      (effects (font (size 1 1) (thickness 0.15)) (justify mirror))
    )
    (fp_text user %R (at 0 0) (layer B.Fab)
      (effects (font (size 0.8 0.8) (thickness 0.12)) (justify mirror))
    )
    (fp_line (start 2.45 -1.12) (end -2.45 -1.12) (layer B.CrtYd) (width 0.05))
    (fp_line (start 2.45 1.12) (end 2.45 -1.12) (layer B.CrtYd) (width 0.05))
    (fp_line (start -2.45 1.12) (end 2.45 1.12) (layer B.CrtYd) (width 0.05))
    (fp_line (start -2.45 -1.12) (end -2.45 1.12) (layer B.CrtYd) (width 0.05))
    (fp_line (start -0.602064 -0.91) (end 0.602064 -0.91) (layer B.SilkS) (width 0.12))
    (fp_line (start -0.602064 0.91) (end 0.602064 0.91) (layer B.SilkS) (width 0.12))
    (fp_line (start 1.6 -0.8) (end -1.6 -0.8) (layer B.Fab) (width 0.1))
    (fp_line (start 1.6 0.8) (end 1.6 -0.8) (layer B.Fab) (width 0.1))
    (fp_line (start -1.6 0.8) (end 1.6 0.8) (layer B.Fab) (width 0.1))
    (fp_line (start -1.6 -0.8) (end -1.6 0.8) (layer B.Fab) (width 0.1))
    (pad 2 smd roundrect (at 1.4875 0 180) (size 1.425 1.75) (layers B.Cu B.Paste B.Mask) (roundrect_rratio 0.175439)
      (net 4 /GND_0))
    (pad 1 smd roundrect (at -1.4875 0 180) (size 1.425 1.75) (layers B.Cu B.Paste B.Mask) (roundrect_rratio 0.175439)
      (net 13 "Net-(J2-Pad6)"))
    (model ${KISYS3DMOD}/Resistor_SMD.3dshapes/R_1206_3216Metric.wrl
      (at (xyz 0 0 0))
      (scale (xyz 1 1 1))
      (rotate (xyz 0 0 0))
    )
  )

  (module Resistor_SMD:R_1206_3216Metric_Pad1.42x1.75mm_HandSolder (layer F.Cu) (tedit 5B301BBD) (tstamp 60980BCE)
    (at 171.2875 92.4 180)
    (descr "Resistor SMD 1206 (3216 Metric), square (rectangular) end terminal, IPC_7351 nominal with elongated pad for handsoldering. (Body size source: http://www.tortai-tech.com/upload/download/2011102023233369053.pdf), generated with kicad-footprint-generator")
    (tags "resistor handsolder")
    (path /60984588)
    (attr smd)
    (fp_text reference R2 (at 0 -1.82) (layer F.SilkS) hide
      (effects (font (size 1 1) (thickness 0.15)))
    )
    (fp_text value 0 (at 0 1.82) (layer F.Fab)
      (effects (font (size 1 1) (thickness 0.15)))
    )
    (fp_text user %R (at 0 0) (layer F.Fab)
      (effects (font (size 0.8 0.8) (thickness 0.12)))
    )
    (fp_line (start 2.45 1.12) (end -2.45 1.12) (layer F.CrtYd) (width 0.05))
    (fp_line (start 2.45 -1.12) (end 2.45 1.12) (layer F.CrtYd) (width 0.05))
    (fp_line (start -2.45 -1.12) (end 2.45 -1.12) (layer F.CrtYd) (width 0.05))
    (fp_line (start -2.45 1.12) (end -2.45 -1.12) (layer F.CrtYd) (width 0.05))
    (fp_line (start -0.602064 0.91) (end 0.602064 0.91) (layer F.SilkS) (width 0.12))
    (fp_line (start -0.602064 -0.91) (end 0.602064 -0.91) (layer F.SilkS) (width 0.12))
    (fp_line (start 1.6 0.8) (end -1.6 0.8) (layer F.Fab) (width 0.1))
    (fp_line (start 1.6 -0.8) (end 1.6 0.8) (layer F.Fab) (width 0.1))
    (fp_line (start -1.6 -0.8) (end 1.6 -0.8) (layer F.Fab) (width 0.1))
    (fp_line (start -1.6 0.8) (end -1.6 -0.8) (layer F.Fab) (width 0.1))
    (pad 2 smd roundrect (at 1.4875 0 180) (size 1.425 1.75) (layers F.Cu F.Paste F.Mask) (roundrect_rratio 0.175439)
      (net 9 /5V_0))
    (pad 1 smd roundrect (at -1.4875 0 180) (size 1.425 1.75) (layers F.Cu F.Paste F.Mask) (roundrect_rratio 0.175439)
      (net 18 "Net-(J2-Pad1)"))
    (model ${KISYS3DMOD}/Resistor_SMD.3dshapes/R_1206_3216Metric.wrl
      (at (xyz 0 0 0))
      (scale (xyz 1 1 1))
      (rotate (xyz 0 0 0))
    )
  )

  (module Resistor_SMD:R_1206_3216Metric_Pad1.42x1.75mm_HandSolder (layer F.Cu) (tedit 5B301BBD) (tstamp 60980BBD)
    (at 164.9125 96.6)
    (descr "Resistor SMD 1206 (3216 Metric), square (rectangular) end terminal, IPC_7351 nominal with elongated pad for handsoldering. (Body size source: http://www.tortai-tech.com/upload/download/2011102023233369053.pdf), generated with kicad-footprint-generator")
    (tags "resistor handsolder")
    (path /60985BB1)
    (attr smd)
    (fp_text reference R1 (at 0 -1.82) (layer F.SilkS) hide
      (effects (font (size 1 1) (thickness 0.15)))
    )
    (fp_text value 120 (at 0 1.82) (layer F.Fab)
      (effects (font (size 1 1) (thickness 0.15)))
    )
    (fp_text user %R (at 0 0) (layer F.Fab)
      (effects (font (size 0.8 0.8) (thickness 0.12)))
    )
    (fp_line (start 2.45 1.12) (end -2.45 1.12) (layer F.CrtYd) (width 0.05))
    (fp_line (start 2.45 -1.12) (end 2.45 1.12) (layer F.CrtYd) (width 0.05))
    (fp_line (start -2.45 -1.12) (end 2.45 -1.12) (layer F.CrtYd) (width 0.05))
    (fp_line (start -2.45 1.12) (end -2.45 -1.12) (layer F.CrtYd) (width 0.05))
    (fp_line (start -0.602064 0.91) (end 0.602064 0.91) (layer F.SilkS) (width 0.12))
    (fp_line (start -0.602064 -0.91) (end 0.602064 -0.91) (layer F.SilkS) (width 0.12))
    (fp_line (start 1.6 0.8) (end -1.6 0.8) (layer F.Fab) (width 0.1))
    (fp_line (start 1.6 -0.8) (end 1.6 0.8) (layer F.Fab) (width 0.1))
    (fp_line (start -1.6 -0.8) (end 1.6 -0.8) (layer F.Fab) (width 0.1))
    (fp_line (start -1.6 0.8) (end -1.6 -0.8) (layer F.Fab) (width 0.1))
    (pad 2 smd roundrect (at 1.4875 0) (size 1.425 1.75) (layers F.Cu F.Paste F.Mask) (roundrect_rratio 0.175439)
      (net 3 /CAN_H))
    (pad 1 smd roundrect (at -1.4875 0) (size 1.425 1.75) (layers F.Cu F.Paste F.Mask) (roundrect_rratio 0.175439)
      (net 8 /CAN_L))
    (model ${KISYS3DMOD}/Resistor_SMD.3dshapes/R_1206_3216Metric.wrl
      (at (xyz 0 0 0))
      (scale (xyz 1 1 1))
      (rotate (xyz 0 0 0))
    )
  )

  (module Connector_Dsub:DSUB-9_Female_EdgeMount_P2.77mm (layer F.Cu) (tedit 59FEDEE2) (tstamp 6098231B)
    (at 178.55 98 90)
    (descr "9-pin D-Sub connector, solder-cups edge-mounted, female, x-pin-pitch 2.77mm, distance of mounting holes 25mm, see https://disti-assets.s3.amazonaws.com/tonar/files/datasheets/16730.pdf")
    (tags "9-pin D-Sub connector edge mount solder cup female x-pin-pitch 2.77mm mounting holes distance 25mm")
    (path /6097B434)
    (attr smd)
    (fp_text reference J2 (at -8.4 -0.15 180) (layer F.SilkS)
      (effects (font (size 1 1) (thickness 0.15)))
    )
    (fp_text value DB9_Female (at 0 16.86 90) (layer F.Fab)
      (effects (font (size 1 1) (thickness 0.15)))
    )
    (fp_text user "PCB edge" (at -10.425 1.323333 90) (layer Dwgs.User)
      (effects (font (size 0.5 0.5) (thickness 0.075)))
    )
    (fp_text user %R (at 0 3.39 90) (layer F.Fab)
      (effects (font (size 1 1) (thickness 0.15)))
    )
    (fp_line (start -15.425 1.99) (end 15.425 1.99) (layer Dwgs.User) (width 0.05))
    (fp_line (start 6.963333 -2.24) (end 2.77 -2.24) (layer F.SilkS) (width 0.12))
    (fp_line (start 6.963333 0) (end 6.963333 -2.24) (layer F.SilkS) (width 0.12))
    (fp_line (start -6.723333 -2) (end -6.723333 1.74) (layer F.SilkS) (width 0.12))
    (fp_line (start 6.723333 -2) (end -6.723333 -2) (layer F.SilkS) (width 0.12))
    (fp_line (start 6.723333 1.74) (end 6.723333 -2) (layer F.SilkS) (width 0.12))
    (fp_line (start -7 1.5) (end -7 -2.25) (layer F.CrtYd) (width 0.05))
    (fp_line (start -8.05 1.5) (end -7 1.5) (layer F.CrtYd) (width 0.05))
    (fp_line (start -8.05 4.3) (end -8.05 1.5) (layer F.CrtYd) (width 0.05))
    (fp_line (start -9.05 4.3) (end -8.05 4.3) (layer F.CrtYd) (width 0.05))
    (fp_line (start -9.05 8.8) (end -9.05 4.3) (layer F.CrtYd) (width 0.05))
    (fp_line (start -15.95 8.8) (end -9.05 8.8) (layer F.CrtYd) (width 0.05))
    (fp_line (start -15.95 10.2) (end -15.95 8.8) (layer F.CrtYd) (width 0.05))
    (fp_line (start -8.65 10.2) (end -15.95 10.2) (layer F.CrtYd) (width 0.05))
    (fp_line (start -8.65 16.4) (end -8.65 10.2) (layer F.CrtYd) (width 0.05))
    (fp_line (start 8.65 16.4) (end -8.65 16.4) (layer F.CrtYd) (width 0.05))
    (fp_line (start 8.65 10.2) (end 8.65 16.4) (layer F.CrtYd) (width 0.05))
    (fp_line (start 15.95 10.2) (end 8.65 10.2) (layer F.CrtYd) (width 0.05))
    (fp_line (start 15.95 8.8) (end 15.95 10.2) (layer F.CrtYd) (width 0.05))
    (fp_line (start 9.05 8.8) (end 15.95 8.8) (layer F.CrtYd) (width 0.05))
    (fp_line (start 9.05 4.3) (end 9.05 8.8) (layer F.CrtYd) (width 0.05))
    (fp_line (start 8.05 4.3) (end 9.05 4.3) (layer F.CrtYd) (width 0.05))
    (fp_line (start 8.05 1.5) (end 8.05 4.3) (layer F.CrtYd) (width 0.05))
    (fp_line (start 7 1.5) (end 8.05 1.5) (layer F.CrtYd) (width 0.05))
    (fp_line (start 7 -2.25) (end 7 1.5) (layer F.CrtYd) (width 0.05))
    (fp_line (start -7 -2.25) (end 7 -2.25) (layer F.CrtYd) (width 0.05))
    (fp_line (start 8.15 9.69) (end -8.15 9.69) (layer F.Fab) (width 0.1))
    (fp_line (start 8.15 15.86) (end 8.15 9.69) (layer F.Fab) (width 0.1))
    (fp_line (start -8.15 15.86) (end 8.15 15.86) (layer F.Fab) (width 0.1))
    (fp_line (start -8.15 9.69) (end -8.15 15.86) (layer F.Fab) (width 0.1))
    (fp_line (start 15.425 9.29) (end -15.425 9.29) (layer F.Fab) (width 0.1))
    (fp_line (start 15.425 9.69) (end 15.425 9.29) (layer F.Fab) (width 0.1))
    (fp_line (start -15.425 9.69) (end 15.425 9.69) (layer F.Fab) (width 0.1))
    (fp_line (start -15.425 9.29) (end -15.425 9.69) (layer F.Fab) (width 0.1))
    (fp_line (start 8.55 4.79) (end -8.55 4.79) (layer F.Fab) (width 0.1))
    (fp_line (start 8.55 9.29) (end 8.55 4.79) (layer F.Fab) (width 0.1))
    (fp_line (start -8.55 9.29) (end 8.55 9.29) (layer F.Fab) (width 0.1))
    (fp_line (start -8.55 4.79) (end -8.55 9.29) (layer F.Fab) (width 0.1))
    (fp_line (start 7.55 1.99) (end -7.55 1.99) (layer F.Fab) (width 0.1))
    (fp_line (start 7.55 4.79) (end 7.55 1.99) (layer F.Fab) (width 0.1))
    (fp_line (start -7.55 4.79) (end 7.55 4.79) (layer F.Fab) (width 0.1))
    (fp_line (start -7.55 1.99) (end -7.55 4.79) (layer F.Fab) (width 0.1))
    (fp_line (start -3.555 -0.91) (end -4.755 -0.91) (layer B.Fab) (width 0.1))
    (fp_line (start -3.555 1.99) (end -3.555 -0.91) (layer B.Fab) (width 0.1))
    (fp_line (start -4.755 1.99) (end -3.555 1.99) (layer B.Fab) (width 0.1))
    (fp_line (start -4.755 -0.91) (end -4.755 1.99) (layer B.Fab) (width 0.1))
    (fp_line (start -0.785 -0.91) (end -1.985 -0.91) (layer B.Fab) (width 0.1))
    (fp_line (start -0.785 1.99) (end -0.785 -0.91) (layer B.Fab) (width 0.1))
    (fp_line (start -1.985 1.99) (end -0.785 1.99) (layer B.Fab) (width 0.1))
    (fp_line (start -1.985 -0.91) (end -1.985 1.99) (layer B.Fab) (width 0.1))
    (fp_line (start 1.985 -0.91) (end 0.785 -0.91) (layer B.Fab) (width 0.1))
    (fp_line (start 1.985 1.99) (end 1.985 -0.91) (layer B.Fab) (width 0.1))
    (fp_line (start 0.785 1.99) (end 1.985 1.99) (layer B.Fab) (width 0.1))
    (fp_line (start 0.785 -0.91) (end 0.785 1.99) (layer B.Fab) (width 0.1))
    (fp_line (start 4.755 -0.91) (end 3.555 -0.91) (layer B.Fab) (width 0.1))
    (fp_line (start 4.755 1.99) (end 4.755 -0.91) (layer B.Fab) (width 0.1))
    (fp_line (start 3.555 1.99) (end 4.755 1.99) (layer B.Fab) (width 0.1))
    (fp_line (start 3.555 -0.91) (end 3.555 1.99) (layer B.Fab) (width 0.1))
    (fp_line (start -4.94 -0.91) (end -6.14 -0.91) (layer F.Fab) (width 0.1))
    (fp_line (start -4.94 1.99) (end -4.94 -0.91) (layer F.Fab) (width 0.1))
    (fp_line (start -6.14 1.99) (end -4.94 1.99) (layer F.Fab) (width 0.1))
    (fp_line (start -6.14 -0.91) (end -6.14 1.99) (layer F.Fab) (width 0.1))
    (fp_line (start -2.17 -0.91) (end -3.37 -0.91) (layer F.Fab) (width 0.1))
    (fp_line (start -2.17 1.99) (end -2.17 -0.91) (layer F.Fab) (width 0.1))
    (fp_line (start -3.37 1.99) (end -2.17 1.99) (layer F.Fab) (width 0.1))
    (fp_line (start -3.37 -0.91) (end -3.37 1.99) (layer F.Fab) (width 0.1))
    (fp_line (start 0.6 -0.91) (end -0.6 -0.91) (layer F.Fab) (width 0.1))
    (fp_line (start 0.6 1.99) (end 0.6 -0.91) (layer F.Fab) (width 0.1))
    (fp_line (start -0.6 1.99) (end 0.6 1.99) (layer F.Fab) (width 0.1))
    (fp_line (start -0.6 -0.91) (end -0.6 1.99) (layer F.Fab) (width 0.1))
    (fp_line (start 3.37 -0.91) (end 2.17 -0.91) (layer F.Fab) (width 0.1))
    (fp_line (start 3.37 1.99) (end 3.37 -0.91) (layer F.Fab) (width 0.1))
    (fp_line (start 2.17 1.99) (end 3.37 1.99) (layer F.Fab) (width 0.1))
    (fp_line (start 2.17 -0.91) (end 2.17 1.99) (layer F.Fab) (width 0.1))
    (fp_line (start 6.14 -0.91) (end 4.94 -0.91) (layer F.Fab) (width 0.1))
    (fp_line (start 6.14 1.99) (end 6.14 -0.91) (layer F.Fab) (width 0.1))
    (fp_line (start 4.94 1.99) (end 6.14 1.99) (layer F.Fab) (width 0.1))
    (fp_line (start 4.94 -0.91) (end 4.94 1.99) (layer F.Fab) (width 0.1))
    (pad 9 smd rect (at -4.155 0 90) (size 1.846667 3.48) (layers B.Cu B.Paste B.Mask)
      (net 10 "Net-(J2-Pad9)"))
    (pad 8 smd rect (at -1.385 0 90) (size 1.846667 3.48) (layers B.Cu B.Paste B.Mask)
      (net 11 "Net-(J2-Pad8)"))
    (pad 7 smd rect (at 1.385 0 90) (size 1.846667 3.48) (layers B.Cu B.Paste B.Mask)
      (net 12 "Net-(J2-Pad7)"))
    (pad 6 smd rect (at 4.155 0 90) (size 1.846667 3.48) (layers B.Cu B.Paste B.Mask)
      (net 13 "Net-(J2-Pad6)"))
    (pad 5 smd rect (at -5.54 0 90) (size 1.846667 3.48) (layers F.Cu F.Paste F.Mask)
      (net 14 "Net-(J2-Pad5)"))
    (pad 4 smd rect (at -2.77 0 90) (size 1.846667 3.48) (layers F.Cu F.Paste F.Mask)
      (net 15 "Net-(J2-Pad4)"))
    (pad 3 smd rect (at 0 0 90) (size 1.846667 3.48) (layers F.Cu F.Paste F.Mask)
      (net 16 "Net-(J2-Pad3)"))
    (pad 2 smd rect (at 2.77 0 90) (size 1.846667 3.48) (layers F.Cu F.Paste F.Mask)
      (net 17 "Net-(J2-Pad2)"))
    (pad 1 smd rect (at 5.54 0 90) (size 1.846667 3.48) (layers F.Cu F.Paste F.Mask)
      (net 18 "Net-(J2-Pad1)"))
    (model ${KISYS3DMOD}/Connector_Dsub.3dshapes/DSUB-9_Female_EdgeMount_P2.77mm.wrl
      (at (xyz 0 0 0))
      (scale (xyz 1 1 1))
      (rotate (xyz 0 0 0))
    )
  )

  (module Connector_Dsub:DSUB-9_Male_EdgeMount_P2.77mm (layer F.Cu) (tedit 59FEDEE2) (tstamp 60980B4F)
    (at 158.8 98 270)
    (descr "9-pin D-Sub connector, solder-cups edge-mounted, male, x-pin-pitch 2.77mm, distance of mounting holes 25mm, see https://disti-assets.s3.amazonaws.com/tonar/files/datasheets/16730.pdf")
    (tags "9-pin D-Sub connector edge mount solder cup male x-pin-pitch 2.77mm mounting holes distance 25mm")
    (path /6097C485)
    (attr smd)
    (fp_text reference J1 (at -7.8 -0.2 180) (layer F.SilkS)
      (effects (font (size 1 1) (thickness 0.15)))
    )
    (fp_text value DB9_Male (at 0 16.69 90) (layer F.Fab)
      (effects (font (size 1 1) (thickness 0.15)))
    )
    (fp_text user "PCB edge" (at -10.425 1.323333 90) (layer Dwgs.User)
      (effects (font (size 0.5 0.5) (thickness 0.075)))
    )
    (fp_text user %R (at 0 3.39 90) (layer F.Fab)
      (effects (font (size 1 1) (thickness 0.15)))
    )
    (fp_line (start -15.425 1.99) (end 15.425 1.99) (layer Dwgs.User) (width 0.05))
    (fp_line (start -6.963333 -2.24) (end -2.77 -2.24) (layer F.SilkS) (width 0.12))
    (fp_line (start -6.963333 0) (end -6.963333 -2.24) (layer F.SilkS) (width 0.12))
    (fp_line (start -6.723333 -2) (end -6.723333 1.74) (layer F.SilkS) (width 0.12))
    (fp_line (start 6.723333 -2) (end -6.723333 -2) (layer F.SilkS) (width 0.12))
    (fp_line (start 6.723333 1.74) (end 6.723333 -2) (layer F.SilkS) (width 0.12))
    (fp_line (start -7 1.5) (end -7 -2.25) (layer F.CrtYd) (width 0.05))
    (fp_line (start -8.05 1.5) (end -7 1.5) (layer F.CrtYd) (width 0.05))
    (fp_line (start -8.05 4.3) (end -8.05 1.5) (layer F.CrtYd) (width 0.05))
    (fp_line (start -9.05 4.3) (end -8.05 4.3) (layer F.CrtYd) (width 0.05))
    (fp_line (start -9.05 8.8) (end -9.05 4.3) (layer F.CrtYd) (width 0.05))
    (fp_line (start -15.95 8.8) (end -9.05 8.8) (layer F.CrtYd) (width 0.05))
    (fp_line (start -15.95 10.2) (end -15.95 8.8) (layer F.CrtYd) (width 0.05))
    (fp_line (start -8.65 10.2) (end -15.95 10.2) (layer F.CrtYd) (width 0.05))
    (fp_line (start -8.65 16.2) (end -8.65 10.2) (layer F.CrtYd) (width 0.05))
    (fp_line (start 8.65 16.2) (end -8.65 16.2) (layer F.CrtYd) (width 0.05))
    (fp_line (start 8.65 10.2) (end 8.65 16.2) (layer F.CrtYd) (width 0.05))
    (fp_line (start 15.95 10.2) (end 8.65 10.2) (layer F.CrtYd) (width 0.05))
    (fp_line (start 15.95 8.8) (end 15.95 10.2) (layer F.CrtYd) (width 0.05))
    (fp_line (start 9.05 8.8) (end 15.95 8.8) (layer F.CrtYd) (width 0.05))
    (fp_line (start 9.05 4.3) (end 9.05 8.8) (layer F.CrtYd) (width 0.05))
    (fp_line (start 8.05 4.3) (end 9.05 4.3) (layer F.CrtYd) (width 0.05))
    (fp_line (start 8.05 1.5) (end 8.05 4.3) (layer F.CrtYd) (width 0.05))
    (fp_line (start 7 1.5) (end 8.05 1.5) (layer F.CrtYd) (width 0.05))
    (fp_line (start 7 -2.25) (end 7 1.5) (layer F.CrtYd) (width 0.05))
    (fp_line (start -7 -2.25) (end 7 -2.25) (layer F.CrtYd) (width 0.05))
    (fp_line (start 8.15 9.69) (end -8.15 9.69) (layer F.Fab) (width 0.1))
    (fp_line (start 8.15 15.69) (end 8.15 9.69) (layer F.Fab) (width 0.1))
    (fp_line (start -8.15 15.69) (end 8.15 15.69) (layer F.Fab) (width 0.1))
    (fp_line (start -8.15 9.69) (end -8.15 15.69) (layer F.Fab) (width 0.1))
    (fp_line (start 15.425 9.29) (end -15.425 9.29) (layer F.Fab) (width 0.1))
    (fp_line (start 15.425 9.69) (end 15.425 9.29) (layer F.Fab) (width 0.1))
    (fp_line (start -15.425 9.69) (end 15.425 9.69) (layer F.Fab) (width 0.1))
    (fp_line (start -15.425 9.29) (end -15.425 9.69) (layer F.Fab) (width 0.1))
    (fp_line (start 8.55 4.79) (end -8.55 4.79) (layer F.Fab) (width 0.1))
    (fp_line (start 8.55 9.29) (end 8.55 4.79) (layer F.Fab) (width 0.1))
    (fp_line (start -8.55 9.29) (end 8.55 9.29) (layer F.Fab) (width 0.1))
    (fp_line (start -8.55 4.79) (end -8.55 9.29) (layer F.Fab) (width 0.1))
    (fp_line (start 7.55 1.99) (end -7.55 1.99) (layer F.Fab) (width 0.1))
    (fp_line (start 7.55 4.79) (end 7.55 1.99) (layer F.Fab) (width 0.1))
    (fp_line (start -7.55 4.79) (end 7.55 4.79) (layer F.Fab) (width 0.1))
    (fp_line (start -7.55 1.99) (end -7.55 4.79) (layer F.Fab) (width 0.1))
    (fp_line (start 4.755 -0.91) (end 3.555 -0.91) (layer B.Fab) (width 0.1))
    (fp_line (start 4.755 1.99) (end 4.755 -0.91) (layer B.Fab) (width 0.1))
    (fp_line (start 3.555 1.99) (end 4.755 1.99) (layer B.Fab) (width 0.1))
    (fp_line (start 3.555 -0.91) (end 3.555 1.99) (layer B.Fab) (width 0.1))
    (fp_line (start 1.985 -0.91) (end 0.785 -0.91) (layer B.Fab) (width 0.1))
    (fp_line (start 1.985 1.99) (end 1.985 -0.91) (layer B.Fab) (width 0.1))
    (fp_line (start 0.785 1.99) (end 1.985 1.99) (layer B.Fab) (width 0.1))
    (fp_line (start 0.785 -0.91) (end 0.785 1.99) (layer B.Fab) (width 0.1))
    (fp_line (start -0.785 -0.91) (end -1.985 -0.91) (layer B.Fab) (width 0.1))
    (fp_line (start -0.785 1.99) (end -0.785 -0.91) (layer B.Fab) (width 0.1))
    (fp_line (start -1.985 1.99) (end -0.785 1.99) (layer B.Fab) (width 0.1))
    (fp_line (start -1.985 -0.91) (end -1.985 1.99) (layer B.Fab) (width 0.1))
    (fp_line (start -3.555 -0.91) (end -4.755 -0.91) (layer B.Fab) (width 0.1))
    (fp_line (start -3.555 1.99) (end -3.555 -0.91) (layer B.Fab) (width 0.1))
    (fp_line (start -4.755 1.99) (end -3.555 1.99) (layer B.Fab) (width 0.1))
    (fp_line (start -4.755 -0.91) (end -4.755 1.99) (layer B.Fab) (width 0.1))
    (fp_line (start 6.14 -0.91) (end 4.94 -0.91) (layer F.Fab) (width 0.1))
    (fp_line (start 6.14 1.99) (end 6.14 -0.91) (layer F.Fab) (width 0.1))
    (fp_line (start 4.94 1.99) (end 6.14 1.99) (layer F.Fab) (width 0.1))
    (fp_line (start 4.94 -0.91) (end 4.94 1.99) (layer F.Fab) (width 0.1))
    (fp_line (start 3.37 -0.91) (end 2.17 -0.91) (layer F.Fab) (width 0.1))
    (fp_line (start 3.37 1.99) (end 3.37 -0.91) (layer F.Fab) (width 0.1))
    (fp_line (start 2.17 1.99) (end 3.37 1.99) (layer F.Fab) (width 0.1))
    (fp_line (start 2.17 -0.91) (end 2.17 1.99) (layer F.Fab) (width 0.1))
    (fp_line (start 0.6 -0.91) (end -0.6 -0.91) (layer F.Fab) (width 0.1))
    (fp_line (start 0.6 1.99) (end 0.6 -0.91) (layer F.Fab) (width 0.1))
    (fp_line (start -0.6 1.99) (end 0.6 1.99) (layer F.Fab) (width 0.1))
    (fp_line (start -0.6 -0.91) (end -0.6 1.99) (layer F.Fab) (width 0.1))
    (fp_line (start -2.17 -0.91) (end -3.37 -0.91) (layer F.Fab) (width 0.1))
    (fp_line (start -2.17 1.99) (end -2.17 -0.91) (layer F.Fab) (width 0.1))
    (fp_line (start -3.37 1.99) (end -2.17 1.99) (layer F.Fab) (width 0.1))
    (fp_line (start -3.37 -0.91) (end -3.37 1.99) (layer F.Fab) (width 0.1))
    (fp_line (start -4.94 -0.91) (end -6.14 -0.91) (layer F.Fab) (width 0.1))
    (fp_line (start -4.94 1.99) (end -4.94 -0.91) (layer F.Fab) (width 0.1))
    (fp_line (start -6.14 1.99) (end -4.94 1.99) (layer F.Fab) (width 0.1))
    (fp_line (start -6.14 -0.91) (end -6.14 1.99) (layer F.Fab) (width 0.1))
    (pad 9 smd rect (at 4.155 0 270) (size 1.846667 3.48) (layers B.Cu B.Paste B.Mask)
      (net 1 /5V_1))
    (pad 8 smd rect (at 1.385 0 270) (size 1.846667 3.48) (layers B.Cu B.Paste B.Mask)
      (net 2 /NC_0))
    (pad 7 smd rect (at -1.385 0 270) (size 1.846667 3.48) (layers B.Cu B.Paste B.Mask)
      (net 3 /CAN_H))
    (pad 6 smd rect (at -4.155 0 270) (size 1.846667 3.48) (layers B.Cu B.Paste B.Mask)
      (net 4 /GND_0))
    (pad 5 smd rect (at 5.54 0 270) (size 1.846667 3.48) (layers F.Cu F.Paste F.Mask)
      (net 5 /NC2))
    (pad 4 smd rect (at 2.77 0 270) (size 1.846667 3.48) (layers F.Cu F.Paste F.Mask)
      (net 6 /NC_1))
    (pad 3 smd rect (at 0 0 270) (size 1.846667 3.48) (layers F.Cu F.Paste F.Mask)
      (net 7 /GND_1))
    (pad 2 smd rect (at -2.77 0 270) (size 1.846667 3.48) (layers F.Cu F.Paste F.Mask)
      (net 8 /CAN_L))
    (pad 1 smd rect (at -5.54 0 270) (size 1.846667 3.48) (layers F.Cu F.Paste F.Mask)
      (net 9 /5V_0))
    (model ${KISYS3DMOD}/Connector_Dsub.3dshapes/DSUB-9_Male_EdgeMount_P2.77mm.wrl
      (at (xyz 0 0 0))
      (scale (xyz 1 1 1))
